1 1 0
1 2 0.191521
2 1 0.191521
1 3 0.593716
3 1 0.593716
1 4 0.514407
4 1 0.514407
1 5 0.514407
5 1 0.514407
1 6 0.473498
6 1 0.473498
1 7 0.473498
7 1 0.473498
1 8 0.514407
8 1 0.514407
1 9 0.514407
9 1 0.514407
1 10 0.473498
10 1 0.473498
1 11 0.473498
11 1 0.473498
1 12 0.463954
12 1 0.463954
1 13 0.463954
13 1 0.463954
1 14 0.432578
14 1 0.432578
1 15 0.432578
15 1 0.432578
1 16 0.463954
16 1 0.463954
1 17 0.463954
17 1 0.463954
1 18 0.946058
18 1 0.946058
1 19 0.473498
19 1 0.473498
1 20 0.473498
20 1 0.473498
1 21 0.491035
21 1 0.491035
1 22 0.50161
22 1 0.50161
1 23 0.53626
23 1 0.53626
1 24 0.946058
24 1 0.946058
1 25 0.381247
25 1 0.381247
1 26 0.593716
26 1 0.593716
1 27 0.847216
27 1 0.847216
1 28 0.53626
28 1 0.53626
1 29 0.593051
29 1 0.593051
1 30 0.36725
30 1 0.36725
1 31 0.381247
31 1 0.381247
1 32 0.593051
32 1 0.593051
1 33 0.36725
33 1 0.36725
1 34 0.629572
34 1 0.629572
1 35 0.40335
35 1 0.40335
1 36 0.381247
36 1 0.381247
1 37 0.55069
37 1 0.55069
1 38 0.53626
38 1 0.53626
1 39 0.501269
39 1 0.501269
1 40 0.478804
40 1 0.478804
1 41 0.593716
41 1 0.593716
1 42 0.443388
42 1 0.443388
1 43 0.338886
43 1 0.338886
1 44 0.670325
44 1 0.670325
1 45 0.399241
45 1 0.399241
1 46 0.564312
46 1 0.564312
1 47 0.957607
47 1 0.957607
1 48 0.53626
48 1 0.53626
1 49 0.451848
49 1 0.451848
1 50 0.412037
50 1 0.412037
1 51 0.385165
51 1 0.385165
1 52 0.474738
52 1 0.474738
1 53 0.593716
53 1 0.593716
1 54 0.635412
54 1 0.635412
1 55 0.385165
55 1 0.385165
1 56 0.55069
56 1 0.55069
1 57 0.474738
57 1 0.474738
1 58 0.903697
58 1 0.903697
1 59 0.474738
59 1 0.474738
1 60 0.55069
60 1 0.55069
1 61 0.409488
61 1 0.409488
1 62 0.957607
62 1 0.957607
1 63 0.55069
63 1 0.55069
1 64 0.593716
64 1 0.593716
1 65 0.340378
65 1 0.340378
1 66 0.53744
66 1 0.53744
1 67 0.50161
67 1 0.50161
1 68 0.593716
68 1 0.593716
1 69 0.670325
69 1 0.670325
1 70 0.488182
70 1 0.488182
1 71 0.591184
71 1 0.591184
1 72 0.957607
72 1 0.957607
1 73 0.670325
73 1 0.670325
1 74 1.0
74 1 1.0
1 75 0.442527
75 1 0.442527
1 76 0.442527
76 1 0.442527
1 77 0.445602
77 1 0.445602
1 78 0.508572
78 1 0.508572
1 79 0.670325
79 1 0.670325
1 80 0.727781
80 1 0.727781
1 81 0.423467
81 1 0.423467
1 82 0.440792
82 1 0.440792
1 83 0.340378
83 1 0.340378
1 84 0.338886
84 1 0.338886
1 85 0.191521
85 1 0.191521
1 86 0.405458
86 1 0.405458
1 87 0.418114
87 1 0.418114
1 88 0.396659
88 1 0.396659
1 89 0.384871
89 1 0.384871
1 90 0.405458
90 1 0.405458
1 91 0.37745
91 1 0.37745
1 92 0.396659
92 1 0.396659
1 93 0.409334
93 1 0.409334
1 94 0.418114
94 1 0.418114
1 95 0.345497
95 1 0.345497
1 96 0.384871
96 1 0.384871
1 97 0.344893
97 1 0.344893
1 98 0.248978
98 1 0.248978
1 99 0.420081
99 1 0.420081
1 100 0.407894
100 1 0.407894
1 101 0.41107
101 1 0.41107
1 102 0.388069
102 1 0.388069
1 103 0.283112
103 1 0.283112
1 104 0.432175
104 1 0.432175
1 105 0.466732
105 1 0.466732
1 106 0.467449
106 1 0.467449
1 107 0.48289
107 1 0.48289
1 108 0.442527
108 1 0.442527
1 109 0.448398
109 1 0.448398
1 110 0.532492
110 1 0.532492
1 111 0.635412
111 1 0.635412
1 112 0.448398
112 1 0.448398
1 113 0.452271
113 1 0.452271
1 114 0.480153
114 1 0.480153
1 115 0.463954
115 1 0.463954
1 116 0.465674
116 1 0.465674
1 117 0.453662
117 1 0.453662
1 118 0.68634
118 1 0.68634
1 119 1.0
119 1 1.0
1 120 0.564312
120 1 0.564312
1 121 0.564312
121 1 0.564312
1 122 0.385813
122 1 0.385813
1 123 0.531954
123 1 0.531954
1 124 0.531954
124 1 0.531954
1 125 0.407819
125 1 0.407819
1 126 0.591184
126 1 0.591184
1 127 0.591184
127 1 0.591184
1 128 0.591184
128 1 0.591184
1 129 0.591184
129 1 0.591184
1 130 0.591184
130 1 0.591184
1 131 0.63597
131 1 0.63597
1 132 0.63597
132 1 0.63597
1 133 0.385813
133 1 0.385813
1 134 0.578719
134 1 0.578719
1 135 0.578719
135 1 0.578719
1 136 0.407819
136 1 0.407819
1 137 0.591184
137 1 0.591184
1 138 0.614217
138 1 0.614217
1 139 0.706349
139 1 0.706349
1 140 0.706349
140 1 0.706349
1 141 0.652605
141 1 0.652605
1 142 0.823542
142 1 0.823542
1 143 0.823542
143 1 0.823542
1 144 0.340378
144 1 0.340378
1 145 0.531954
145 1 0.531954
1 146 0.531954
146 1 0.531954
1 147 0.407819
147 1 0.407819
1 148 0.578719
148 1 0.578719
1 149 0.578719
149 1 0.578719
1 150 0.407819
150 1 0.407819
1 151 0.63597
151 1 0.63597
1 152 0.63597
152 1 0.63597
1 153 0.385813
153 1 0.385813
1 154 0.691893
154 1 0.691893
1 155 0.734254
155 1 0.734254
1 156 0.946058
156 1 0.946058
1 157 0.903697
157 1 0.903697
1 158 0.804855
158 1 0.804855
1 159 0.727781
159 1 0.727781
1 160 0.823542
160 1 0.823542
1 161 0.53626
161 1 0.53626
1 162 0.593716
162 1 0.593716
1 163 0.823542
163 1 0.823542
1 164 0.494209
164 1 0.494209
1 165 0.727781
165 1 0.727781
1 166 0.593051
166 1 0.593051
1 167 0.593051
167 1 0.593051
1 168 0.50161
168 1 0.50161
1 169 0.50161
169 1 0.50161
1 170 0.445307
170 1 0.445307
1 171 0.383514
171 1 0.383514
1 172 0.445307
172 1 0.445307
1 173 0.36725
173 1 0.36725
1 174 0.50161
174 1 0.50161
1 175 0.593051
175 1 0.593051
1 176 0.593051
176 1 0.593051
1 177 0.399241
177 1 0.399241
1 178 0.451204
178 1 0.451204
1 179 0.444269
179 1 0.444269
1 180 0.407819
180 1 0.407819
1 181 0.473215
181 1 0.473215
1 182 0.516676
182 1 0.516676
1 183 0.433559
183 1 0.433559
1 184 0.457996
184 1 0.457996
1 185 0.670325
185 1 0.670325
1 186 0.53744
186 1 0.53744
1 187 0.421776
187 1 0.421776
1 188 0.455296
188 1 0.455296
1 189 0.670325
189 1 0.670325
1 190 0.691893
190 1 0.691893
1 191 0.691893
191 1 0.691893
1 192 0.480089
192 1 0.480089
1 193 0.462259
193 1 0.462259
1 194 0.52245
194 1 0.52245
1 195 0.480089
195 1 0.480089
1 196 0.50371
196 1 0.50371
1 197 0.734254
197 1 0.734254
1 198 0.691893
198 1 0.691893
1 199 0.480089
199 1 0.480089
1 200 0.635412
200 1 0.635412
1 201 0.593716
201 1 0.593716
1 202 0.474738
202 1 0.474738
1 203 0.63597
203 1 0.63597
1 204 0.531017
204 1 0.531017
1 205 0.727781
205 1 0.727781
1 206 0.46422
206 1 0.46422
1 207 0.591184
207 1 0.591184
1 208 0.635412
208 1 0.635412
1 209 1.0
209 1 1.0
1 210 1.0
210 1 1.0
1 211 0.823542
211 1 0.823542
1 212 0.691893
212 1 0.691893
1 213 0.564312
213 1 0.564312
1 214 0.528482
214 1 0.528482
1 215 0.591184
215 1 0.591184
1 216 0.560473
216 1 0.560473
1 217 0.564312
217 1 0.564312
1 218 0.727781
218 1 0.727781
1 219 0.508572
219 1 0.508572
1 220 0.804855
220 1 0.804855
1 221 0.63597
221 1 0.63597
1 222 0.593716
222 1 0.593716
1 223 0.531017
223 1 0.531017
1 224 0.734254
224 1 0.734254
1 225 0.564312
225 1 0.564312
1 226 0.50161
226 1 0.50161
1 227 0.510281
227 1 0.510281
1 228 0.50933
228 1 0.50933
1 229 0.53744
229 1 0.53744
1 230 0.734254
230 1 0.734254
1 231 0.727781
231 1 0.727781
1 232 0.191521
232 1 0.191521
1 233 0.53626
233 1 0.53626
1 234 0.727781
234 1 0.727781
1 235 1.0
235 1 1.0
1 236 0.53626
236 1 0.53626
1 237 0.248978
237 1 0.248978
1 238 0.727781
238 1 0.727781
1 239 0.691893
239 1 0.691893
1 240 0.53626
240 1 0.53626
1 241 1.0
241 1 1.0
1 242 0.804855
242 1 0.804855
1 243 0.823542
243 1 0.823542
1 244 0.785238
244 1 0.785238
1 245 0.785238
245 1 0.785238
1 246 0.569398
246 1 0.569398
1 247 0.549491
247 1 0.549491
1 248 0.549491
248 1 0.549491
1 249 0.55069
249 1 0.55069
1 250 0.50161
250 1 0.50161
1 251 0.53744
251 1 0.53744
1 252 0.593051
252 1 0.593051
1 253 0.481601
253 1 0.481601
1 254 0.48392
254 1 0.48392
1 255 0.432578
255 1 0.432578
1 256 0.53744
256 1 0.53744
1 257 0.485912
257 1 0.485912
1 258 0.505819
258 1 0.505819
1 259 0.516676
259 1 0.516676
1 260 0.478231
260 1 0.478231
1 261 0.479007
261 1 0.479007
1 262 0.448398
262 1 0.448398
1 263 0.516676
263 1 0.516676
1 264 0.734254
264 1 0.734254
1 265 0.593716
265 1 0.593716
1 266 0.528482
266 1 0.528482
1 267 0.450115
267 1 0.450115
1 268 0.635412
268 1 0.635412
1 269 0.55069
269 1 0.55069
1 270 0.472542
270 1 0.472542
1 271 0.472542
271 1 0.472542
1 272 0.472542
272 1 0.472542
1 273 0.448398
273 1 0.448398
1 274 0.472897
274 1 0.472897
1 275 0.472897
275 1 0.472897
1 276 0.472897
276 1 0.472897
1 277 0.442527
277 1 0.442527
1 278 0.571871
278 1 0.571871
1 279 0.450632
279 1 0.450632
1 280 0.450632
280 1 0.450632
1 281 0.450632
281 1 0.450632
1 282 0.44215
282 1 0.44215
1 283 0.443773
283 1 0.443773
1 284 0.443773
284 1 0.443773
1 285 0.443773
285 1 0.443773
1 286 0.433104
286 1 0.433104
1 287 0.593716
287 1 0.593716
1 288 0.0574564
288 1 0.0574564
1 289 0.433791
289 1 0.433791
1 290 0.494209
290 1 0.494209
1 291 0.427702
291 1 0.427702
1 292 0.560473
292 1 0.560473
1 293 0.508572
293 1 0.508572
1 294 0.988418
294 1 0.988418
1 295 0.474738
295 1 0.474738
1 296 0.409488
296 1 0.409488
1 297 0.50161
297 1 0.50161
1 298 0.483696
298 1 0.483696
1 299 0.472253
299 1 0.472253
1 300 0.47977
300 1 0.47977
1 301 0.823542
301 1 0.823542
1 302 0.880999
302 1 0.880999
1 303 0.53626
303 1 0.53626
1 304 0.957607
304 1 0.957607
1 305 0.957607
305 1 0.957607
1 306 0.386312
306 1 0.386312
1 307 0.386312
307 1 0.386312
1 308 0.386312
308 1 0.386312
1 309 0.400746
309 1 0.400746
1 310 0.400746
310 1 0.400746
1 311 0.400746
311 1 0.400746
1 312 0.437265
312 1 0.437265
1 313 0.437265
313 1 0.437265
1 314 0.437265
314 1 0.437265
1 315 0.444214
315 1 0.444214
1 316 0.444214
316 1 0.444214
1 317 0.444214
317 1 0.444214
1 318 0.486053
318 1 0.486053
1 319 0.50359
319 1 0.50359
1 320 0.549491
320 1 0.549491
1 321 0.45028
321 1 0.45028
1 322 0.45028
322 1 0.45028
1 323 0.45028
323 1 0.45028
1 324 0.408391
324 1 0.408391
1 325 0.408391
325 1 0.408391
1 326 0.408391
326 1 0.408391
1 327 0.418529
327 1 0.418529
1 328 0.418529
328 1 0.418529
1 329 0.418529
329 1 0.418529
1 330 0.469558
330 1 0.469558
1 331 0.469558
331 1 0.469558
1 332 0.469558
332 1 0.469558
1 333 0.469868
333 1 0.469868
1 334 0.469868
334 1 0.469868
1 335 0.469868
335 1 0.469868
1 336 0.523678
336 1 0.523678
1 337 0.539494
337 1 0.539494
1 338 0.579942
338 1 0.579942
1 339 0.481601
339 1 0.481601
1 340 0.481601
340 1 0.481601
1 341 0.481601
341 1 0.481601
1 342 0.386312
342 1 0.386312
1 343 0.386312
343 1 0.386312
1 344 0.386312
344 1 0.386312
1 345 0.400746
345 1 0.400746
1 346 0.400746
346 1 0.400746
1 347 0.400746
347 1 0.400746
1 348 0.424249
348 1 0.424249
1 349 0.424249
349 1 0.424249
1 350 0.424249
350 1 0.424249
1 351 0.433866
351 1 0.433866
1 352 0.433866
352 1 0.433866
1 353 0.433866
353 1 0.433866
1 354 0.468516
354 1 0.468516
1 355 0.486053
355 1 0.486053
1 356 0.531954
356 1 0.531954
1 357 0.437265
357 1 0.437265
1 358 0.437265
358 1 0.437265
1 359 0.437265
359 1 0.437265
1 360 0.386312
360 1 0.386312
1 361 0.386312
361 1 0.386312
1 362 0.386312
362 1 0.386312
1 363 0.400746
363 1 0.400746
1 364 0.400746
364 1 0.400746
1 365 0.400746
365 1 0.400746
1 366 0.442527
366 1 0.442527
1 367 0.442527
367 1 0.442527
1 368 0.442527
368 1 0.442527
1 369 0.448398
369 1 0.448398
1 370 0.448398
370 1 0.448398
1 371 0.448398
371 1 0.448398
1 372 0.49669
372 1 0.49669
1 373 0.514227
373 1 0.514227
1 374 0.578719
374 1 0.578719
1 375 0.458175
375 1 0.458175
1 376 0.458175
376 1 0.458175
1 377 0.458175
377 1 0.458175
1 378 0.393415
378 1 0.393415
1 379 0.393415
379 1 0.393415
1 380 0.393415
380 1 0.393415
1 381 0.408391
381 1 0.408391
1 382 0.408391
382 1 0.408391
1 383 0.408391
383 1 0.408391
1 384 0.516676
384 1 0.516676
1 385 0.516676
385 1 0.516676
1 386 0.516676
386 1 0.516676
1 387 0.505819
387 1 0.505819
1 388 0.505819
388 1 0.505819
1 389 0.505819
389 1 0.505819
1 390 0.591184
390 1 0.591184
1 391 0.614217
391 1 0.614217
1 392 0.614217
392 1 0.614217
1 393 0.532492
393 1 0.532492
1 394 0.532492
394 1 0.532492
1 395 0.532492
395 1 0.532492
1 396 0.408391
396 1 0.408391
1 397 0.408391
397 1 0.408391
1 398 0.408391
398 1 0.408391
1 399 0.418529
399 1 0.418529
1 400 0.418529
400 1 0.418529
1 401 0.418529
401 1 0.418529
1 402 0.465674
402 1 0.465674
1 403 0.465674
403 1 0.465674
1 404 0.465674
404 1 0.465674
1 405 0.466732
405 1 0.466732
1 406 0.466732
406 1 0.466732
1 407 0.466732
407 1 0.466732
1 408 0.521776
408 1 0.521776
1 409 0.537593
409 1 0.537593
1 410 0.569398
410 1 0.569398
1 411 0.480153
411 1 0.480153
1 412 0.480153
412 1 0.480153
1 413 0.480153
413 1 0.480153
1 414 0.393415
414 1 0.393415
1 415 0.393415
415 1 0.393415
1 416 0.393415
416 1 0.393415
1 417 0.408391
417 1 0.408391
1 418 0.408391
418 1 0.408391
1 419 0.408391
419 1 0.408391
1 420 0.393415
420 1 0.393415
1 421 0.393415
421 1 0.393415
1 422 0.393415
422 1 0.393415
1 423 0.408391
423 1 0.408391
1 424 0.408391
424 1 0.408391
1 425 0.408391
425 1 0.408391
1 426 0.531954
426 1 0.531954
1 427 0.531954
427 1 0.531954
1 428 0.531954
428 1 0.531954
1 429 0.670325
429 1 0.670325
1 430 0.727781
430 1 0.727781
1 431 0.957607
431 1 0.957607
1 432 0.386312
432 1 0.386312
1 433 0.386312
433 1 0.386312
1 434 0.386312
434 1 0.386312
1 435 0.400746
435 1 0.400746
1 436 0.400746
436 1 0.400746
1 437 0.400746
437 1 0.400746
1 438 0.445942
438 1 0.445942
1 439 0.445942
439 1 0.445942
1 440 0.445942
440 1 0.445942
1 441 0.451112
441 1 0.451112
1 442 0.451112
442 1 0.451112
1 443 0.451112
443 1 0.451112
1 444 0.497744
444 1 0.497744
1 445 0.515281
445 1 0.515281
1 446 0.561182
446 1 0.561182
1 447 0.458957
447 1 0.458957
1 448 0.458957
448 1 0.458957
1 449 0.458957
449 1 0.458957
1 450 0.946058
450 1 0.946058
1 451 0.593716
451 1 0.593716
1 452 0.593716
452 1 0.593716
2 2 0
2 3 0.593716
3 2 0.593716
2 4 0.514407
4 2 0.514407
2 5 0.514407
5 2 0.514407
2 6 0.473498
6 2 0.473498
2 7 0.473498
7 2 0.473498
2 8 0.514407
8 2 0.514407
2 9 0.514407
9 2 0.514407
2 10 0.473498
10 2 0.473498
2 11 0.473498
11 2 0.473498
2 12 0.500859
12 2 0.500859
2 13 0.500859
13 2 0.500859
2 14 0.473498
14 2 0.473498
2 15 0.473498
15 2 0.473498
2 16 0.500859
16 2 0.500859
2 17 0.500859
17 2 0.500859
2 18 0.847216
18 2 0.847216
2 19 0.436125
19 2 0.436125
2 20 0.436125
20 2 0.436125
2 21 0.473498
21 2 0.473498
2 22 0.591184
22 2 0.591184
2 23 0.727781
23 2 0.727781
2 24 0.847216
24 2 0.847216
2 25 0.52245
25 2 0.52245
2 26 0.593716
26 2 0.593716
2 27 0.946058
27 2 0.946058
2 28 0.53626
28 2 0.53626
2 29 0.593051
29 2 0.593051
2 30 0.456824
30 2 0.456824
2 31 0.52245
31 2 0.52245
2 32 0.593051
32 2 0.593051
2 33 0.372685
33 2 0.372685
2 34 0.706349
34 2 0.706349
2 35 0.406897
35 2 0.406897
2 36 0.52245
36 2 0.52245
2 37 0.55069
37 2 0.55069
2 38 0.53626
38 2 0.53626
2 39 0.501269
39 2 0.501269
2 40 0.478804
40 2 0.478804
2 41 0.593716
41 2 0.593716
2 42 0.443388
42 2 0.443388
2 43 0.197684
43 2 0.197684
2 44 0.478804
44 2 0.478804
2 45 0.322464
45 2 0.322464
2 46 0.474738
46 2 0.474738
2 47 0.766086
47 2 0.766086
2 48 0.53626
48 2 0.53626
2 49 0.593051
49 2 0.593051
2 50 0.474738
50 2 0.474738
2 51 0.474738
51 2 0.474738
2 52 0.474738
52 2 0.474738
2 53 0.593716
53 2 0.593716
2 54 0.55069
54 2 0.55069
2 55 0.474738
55 2 0.474738
2 56 0.55069
56 2 0.55069
2 57 0.474738
57 2 0.474738
2 58 0.762494
58 2 0.762494
2 59 0.385165
59 2 0.385165
2 60 0.55069
60 2 0.55069
2 61 0.55069
61 2 0.55069
2 62 0.766086
62 2 0.766086
2 63 0.409488
63 2 0.409488
2 64 0.593716
64 2 0.593716
2 65 0.250805
65 2 0.250805
2 66 0.53744
66 2 0.53744
2 67 0.50161
67 2 0.50161
2 68 0.53626
68 2 0.53626
2 69 0.670325
69 2 0.670325
2 70 0.448038
70 2 0.448038
2 71 0.514407
71 2 0.514407
2 72 0.957607
72 2 0.957607
2 73 0.478804
73 2 0.478804
2 74 0.823542
74 2 0.823542
2 75 0.445942
75 2 0.445942
2 76 0.445942
76 2 0.445942
2 77 0.485747
77 2 0.485747
2 78 0.473498
78 2 0.473498
2 79 0.670325
79 2 0.670325
2 80 0.727781
80 2 0.727781
2 81 0.466852
81 2 0.466852
2 82 0.493514
82 2 0.493514
2 83 0.429952
83 2 0.429952
2 84 0.480089
84 2 0.480089
2 85 0.383043
85 2 0.383043
2 86 0.445602
86 2 0.445602
2 87 0.450526
87 2 0.450526
2 88 0.431152
88 2 0.431152
2 89 0.437593
89 2 0.437593
2 90 0.445602
90 2 0.445602
2 91 0.420835
91 2 0.420835
2 92 0.431152
92 2 0.431152
2 93 0.437958
93 2 0.437958
2 94 0.450526
94 2 0.450526
2 95 0.422274
95 2 0.422274
2 96 0.437593
96 2 0.437593
2 97 0.40335
97 2 0.40335
2 98 0.440499
98 2 0.440499
2 99 0.452493
99 2 0.452493
2 100 0.448038
100 2 0.448038
2 101 0.439695
101 2 0.439695
2 102 0.440792
102 2 0.440792
2 103 0.372685
103 2 0.372685
2 104 0.573378
104 2 0.573378
2 105 0.499144
105 2 0.499144
2 106 0.494626
106 2 0.494626
2 107 0.48289
107 2 0.48289
2 108 0.485912
108 2 0.485912
2 109 0.48289
109 2 0.48289
2 110 0.532492
110 2 0.532492
2 111 0.635412
111 2 0.635412
2 112 0.48289
112 2 0.48289
2 113 0.480896
113 2 0.480896
2 114 0.505819
114 2 0.505819
2 115 0.516676
115 2 0.516676
2 116 0.505819
116 2 0.505819
2 117 0.491035
117 2 0.491035
2 118 0.776614
118 2 0.776614
2 119 1.0
119 2 1.0
2 120 0.564312
120 2 0.564312
2 121 0.564312
121 2 0.564312
2 122 0.444269
122 2 0.444269
2 123 0.531954
123 2 0.531954
2 124 0.531954
124 2 0.531954
2 125 0.451204
125 2 0.451204
2 126 0.591184
126 2 0.591184
2 127 0.591184
127 2 0.591184
2 128 0.591184
128 2 0.591184
2 129 0.591184
129 2 0.591184
2 130 0.591184
130 2 0.591184
2 131 0.698672
131 2 0.698672
2 132 0.698672
132 2 0.698672
2 133 0.444269
133 2 0.444269
2 134 0.619639
134 2 0.619639
2 135 0.619639
135 2 0.619639
2 136 0.451204
136 2 0.451204
2 137 0.591184
137 2 0.591184
2 138 0.614217
138 2 0.614217
2 139 0.706349
139 2 0.706349
2 140 0.706349
140 2 0.706349
2 141 0.706349
141 2 0.706349
2 142 1.0
142 2 1.0
2 143 1.0
143 2 1.0
2 144 0.429952
144 2 0.429952
2 145 0.531954
145 2 0.531954
2 146 0.531954
146 2 0.531954
2 147 0.451204
147 2 0.451204
2 148 0.619639
148 2 0.619639
2 149 0.619639
149 2 0.619639
2 150 0.451204
150 2 0.451204
2 151 0.698672
151 2 0.698672
2 152 0.698672
152 2 0.698672
2 153 0.444269
153 2 0.444269
2 154 0.691893
154 2 0.691893
2 155 0.734254
155 2 0.734254
2 156 0.946058
156 2 0.946058
2 157 0.903697
157 2 0.903697
2 158 0.903697
158 2 0.903697
2 159 0.727781
159 2 0.727781
2 160 0.823542
160 2 0.823542
2 161 0.53626
161 2 0.53626
2 162 0.593716
162 2 0.593716
2 163 1.0
163 2 1.0
2 164 0.635412
164 2 0.635412
2 165 0.727781
165 2 0.727781
2 166 0.593051
166 2 0.593051
2 167 0.593051
167 2 0.593051
2 168 0.50161
168 2 0.50161
2 169 0.50161
169 2 0.50161
2 170 0.472999
170 2 0.472999
2 171 0.384568
171 2 0.384568
2 172 0.472999
172 2 0.472999
2 173 0.399557
173 2 0.399557
2 174 0.50161
174 2 0.50161
2 175 0.593051
175 2 0.593051
2 176 0.734254
176 2 0.734254
2 177 0.476018
177 2 0.476018
2 178 0.451204
178 2 0.451204
2 179 0.444269
179 2 0.444269
2 180 0.451204
180 2 0.451204
2 181 0.473215
181 2 0.473215
2 182 0.553581
182 2 0.553581
2 183 0.473703
183 2 0.473703
2 184 0.457996
184 2 0.457996
2 185 0.670325
185 2 0.670325
2 186 0.591184
186 2 0.591184
2 187 0.474498
187 2 0.474498
2 188 0.455296
188 2 0.455296
2 189 0.670325
189 2 0.670325
2 190 0.691893
190 2 0.691893
2 191 0.691893
191 2 0.691893
2 192 0.480089
192 2 0.480089
2 193 0.372685
193 2 0.372685
2 194 0.381247
194 2 0.381247
2 195 0.338886
195 2 0.338886
2 196 0.426932
196 2 0.426932
2 197 0.593051
197 2 0.593051
2 198 0.55069
198 2 0.55069
2 199 0.480089
199 2 0.480089
2 200 0.593051
200 2 0.593051
2 201 0.53626
201 2 0.53626
2 202 0.564312
202 2 0.564312
2 203 0.698672
203 2 0.698672
2 204 0.389814
204 2 0.389814
2 205 0.53626
205 2 0.53626
2 206 0.46422
206 2 0.46422
2 207 0.591184
207 2 0.591184
2 208 0.734254
208 2 0.734254
2 209 1.0
209 2 1.0
2 210 1.0
210 2 1.0
2 211 1.0
211 2 1.0
2 212 0.55069
212 2 0.55069
2 213 0.474738
213 2 0.474738
2 214 0.618056
214 2 0.618056
2 215 0.591184
215 2 0.591184
2 216 0.53744
216 2 0.53744
2 217 0.474738
217 2 0.474738
2 218 0.727781
218 2 0.727781
2 219 0.491035
219 2 0.491035
2 220 0.804855
220 2 0.804855
2 221 0.63597
221 2 0.63597
2 222 0.53626
222 2 0.53626
2 223 0.389814
223 2 0.389814
2 224 0.593051
224 2 0.593051
2 225 0.474738
225 2 0.474738
2 226 0.50161
226 2 0.50161
2 227 0.457559
227 2 0.457559
2 228 0.456608
228 2 0.456608
2 229 0.53744
229 2 0.53744
2 230 0.593051
230 2 0.593051
2 231 0.53626
231 2 0.53626
2 232 0.383043
232 2 0.383043
2 233 0.727781
233 2 0.727781
2 234 0.727781
234 2 0.727781
2 235 1.0
235 2 1.0
2 236 0.727781
236 2 0.727781
2 237 0.440499
237 2 0.440499
2 238 0.727781
238 2 0.727781
2 239 0.691893
239 2 0.691893
2 240 0.53626
240 2 0.53626
2 241 1.0
241 2 1.0
2 242 0.903697
242 2 0.903697
2 243 1.0
243 2 1.0
2 244 0.785238
244 2 0.785238
2 245 0.785238
245 2 0.785238
2 246 0.569398
246 2 0.569398
2 247 0.549491
247 2 0.549491
2 248 0.549491
248 2 0.549491
2 249 0.409488
249 2 0.409488
2 250 0.50161
250 2 0.50161
2 251 0.53744
251 2 0.53744
2 252 0.593051
252 2 0.593051
2 253 0.453631
253 2 0.453631
2 254 0.467153
254 2 0.467153
2 255 0.491035
255 2 0.491035
2 256 0.53744
256 2 0.53744
2 257 0.485912
257 2 0.485912
2 258 0.505819
258 2 0.505819
2 259 0.516676
259 2 0.516676
2 260 0.459295
260 2 0.459295
2 261 0.468699
261 2 0.468699
2 262 0.48289
262 2 0.48289
2 263 0.516676
263 2 0.516676
2 264 0.734254
264 2 0.734254
2 265 0.593716
265 2 0.593716
2 266 0.50161
266 2 0.50161
2 267 0.508572
267 2 0.508572
2 268 0.593051
268 2 0.593051
2 269 0.409488
269 2 0.409488
2 270 0.43805
270 2 0.43805
2 271 0.43805
271 2 0.43805
2 272 0.43805
272 2 0.43805
2 273 0.43805
273 2 0.43805
2 274 0.429512
274 2 0.429512
2 275 0.429512
275 2 0.429512
2 276 0.429512
276 2 0.429512
2 277 0.429512
277 2 0.429512
2 278 0.571871
278 2 0.571871
2 279 0.41614
279 2 0.41614
2 280 0.41614
280 2 0.41614
2 281 0.41614
281 2 0.41614
2 282 0.407658
282 2 0.407658
2 283 0.400388
283 2 0.400388
2 284 0.400388
284 2 0.400388
2 285 0.400388
285 2 0.400388
2 286 0.389719
286 2 0.389719
2 287 0.785238
287 2 0.785238
2 288 0.248978
288 2 0.248978
2 289 0.510568
289 2 0.510568
2 290 0.635412
290 2 0.635412
2 291 0.427702
291 2 0.427702
2 292 0.560473
292 2 0.560473
2 293 0.508572
293 2 0.508572
2 294 0.988418
294 2 0.988418
2 295 0.385165
295 2 0.385165
2 296 0.460416
296 2 0.460416
2 297 0.50161
297 2 0.50161
2 298 0.53744
298 2 0.53744
2 299 0.491035
299 2 0.491035
2 300 0.516676
300 2 0.516676
2 301 1.0
301 2 1.0
2 302 1.0
302 2 1.0
2 303 0.727781
303 2 0.727781
2 304 0.766086
304 2 0.766086
2 305 0.766086
305 2 0.766086
2 306 0.410966
306 2 0.410966
2 307 0.410966
307 2 0.410966
2 308 0.410966
308 2 0.410966
2 309 0.421207
309 2 0.421207
2 310 0.421207
310 2 0.421207
2 311 0.421207
311 2 0.421207
2 312 0.39388
312 2 0.39388
2 313 0.39388
313 2 0.39388
2 314 0.39388
314 2 0.39388
2 315 0.409722
315 2 0.409722
2 316 0.409722
316 2 0.409722
2 317 0.409722
317 2 0.409722
2 318 0.427596
318 2 0.427596
2 319 0.445133
319 2 0.445133
2 320 0.491035
320 2 0.491035
2 321 0.406895
321 2 0.406895
2 322 0.406895
322 2 0.406895
2 323 0.406895
323 2 0.406895
2 324 0.440803
324 2 0.440803
2 325 0.440803
325 2 0.440803
2 326 0.440803
326 2 0.440803
2 327 0.445707
327 2 0.445707
2 328 0.445707
328 2 0.445707
2 329 0.445707
329 2 0.445707
2 330 0.468834
330 2 0.468834
2 331 0.468834
331 2 0.468834
2 332 0.468834
332 2 0.468834
2 333 0.469283
333 2 0.469283
2 334 0.469283
334 2 0.469283
2 335 0.469283
335 2 0.469283
2 336 0.500859
336 2 0.500859
2 337 0.516676
337 2 0.516676
2 338 0.579942
338 2 0.579942
2 339 0.477718
339 2 0.477718
2 340 0.477718
340 2 0.477718
2 341 0.477718
341 2 0.477718
2 342 0.420804
342 2 0.420804
2 343 0.420804
343 2 0.420804
2 344 0.420804
344 2 0.420804
2 345 0.429371
345 2 0.429371
2 346 0.429371
346 2 0.429371
2 347 0.429371
347 2 0.429371
2 348 0.424249
348 2 0.424249
2 349 0.424249
349 2 0.424249
2 350 0.424249
350 2 0.424249
2 351 0.433866
351 2 0.433866
2 352 0.433866
352 2 0.433866
2 353 0.433866
353 2 0.433866
2 354 0.468516
354 2 0.468516
2 355 0.486053
355 2 0.486053
2 356 0.531954
356 2 0.531954
2 357 0.437265
357 2 0.437265
2 358 0.437265
358 2 0.437265
2 359 0.437265
359 2 0.437265
2 360 0.420804
360 2 0.420804
2 361 0.420804
361 2 0.420804
2 362 0.420804
362 2 0.420804
2 363 0.429371
363 2 0.429371
2 364 0.429371
364 2 0.429371
2 365 0.429371
365 2 0.429371
2 366 0.472897
366 2 0.472897
2 367 0.485912
367 2 0.485912
2 368 0.485912
368 2 0.485912
2 369 0.458745
369 2 0.458745
2 370 0.458745
370 2 0.458745
2 371 0.458745
371 2 0.458745
2 372 0.473498
372 2 0.473498
2 373 0.491035
373 2 0.491035
2 374 0.561182
374 2 0.561182
2 375 0.455543
375 2 0.455543
2 376 0.455543
376 2 0.455543
2 377 0.455543
377 2 0.455543
2 378 0.433559
378 2 0.433559
2 379 0.433559
379 2 0.433559
2 380 0.433559
380 2 0.433559
2 381 0.440803
381 2 0.440803
2 382 0.440803
382 2 0.440803
2 383 0.440803
383 2 0.440803
2 384 0.500859
384 2 0.500859
2 385 0.516676
385 2 0.516676
2 386 0.516676
386 2 0.516676
2 387 0.477718
387 2 0.477718
2 388 0.477718
388 2 0.477718
2 389 0.477718
389 2 0.477718
2 390 0.514407
390 2 0.514407
2 391 0.53744
391 2 0.53744
2 392 0.614217
392 2 0.614217
2 393 0.47977
393 2 0.47977
2 394 0.47977
394 2 0.47977
2 395 0.47977
395 2 0.47977
2 396 0.440803
396 2 0.440803
2 397 0.440803
397 2 0.440803
2 398 0.440803
398 2 0.440803
2 399 0.445707
399 2 0.445707
2 400 0.445707
400 2 0.445707
2 401 0.445707
401 2 0.445707
2 402 0.469558
402 2 0.469558
2 403 0.469558
403 2 0.469558
2 404 0.469558
404 2 0.469558
2 405 0.469868
405 2 0.469868
2 406 0.469868
406 2 0.469868
2 407 0.469868
407 2 0.469868
2 408 0.500859
408 2 0.500859
2 409 0.516676
409 2 0.516676
2 410 0.516676
410 2 0.516676
2 411 0.477718
411 2 0.477718
2 412 0.477718
412 2 0.477718
2 413 0.477718
413 2 0.477718
2 414 0.433559
414 2 0.433559
2 415 0.433559
415 2 0.433559
2 416 0.433559
416 2 0.433559
2 417 0.440803
417 2 0.440803
2 418 0.440803
418 2 0.440803
2 419 0.440803
419 2 0.440803
2 420 0.433559
420 2 0.433559
2 421 0.433559
421 2 0.433559
2 422 0.433559
422 2 0.433559
2 423 0.440803
423 2 0.440803
2 424 0.440803
424 2 0.440803
2 425 0.440803
425 2 0.440803
2 426 0.473498
426 2 0.473498
2 427 0.473498
427 2 0.473498
2 428 0.473498
428 2 0.473498
2 429 0.478804
429 2 0.478804
2 430 0.53626
430 2 0.53626
2 431 0.766086
431 2 0.766086
2 432 0.420804
432 2 0.420804
2 433 0.420804
433 2 0.420804
2 434 0.420804
434 2 0.420804
2 435 0.429371
435 2 0.429371
2 436 0.429371
436 2 0.429371
2 437 0.429371
437 2 0.429371
2 438 0.442527
438 2 0.442527
2 439 0.442527
439 2 0.442527
2 440 0.442527
440 2 0.442527
2 441 0.448398
441 2 0.448398
2 442 0.448398
442 2 0.448398
2 443 0.448398
443 2 0.448398
2 444 0.473498
444 2 0.473498
2 445 0.491035
445 2 0.491035
2 446 0.561182
446 2 0.561182
2 447 0.455543
447 2 0.455543
2 448 0.455543
448 2 0.455543
2 449 0.455543
449 2 0.455543
2 450 0.847216
450 2 0.847216
2 451 0.53626
451 2 0.53626
2 452 0.53626
452 2 0.53626
3 3 0
3 4 0.445307
4 3 0.445307
3 5 0.445307
5 3 0.445307
3 6 0.420887
6 3 0.420887
3 7 0.420887
7 3 0.420887
3 8 0.373188
8 3 0.373188
3 9 0.373188
9 3 0.373188
3 10 0.367031
10 3 0.367031
3 11 0.367031
11 3 0.367031
3 12 0.453409
12 3 0.453409
3 13 0.453409
13 3 0.453409
3 14 0.420887
14 3 0.420887
3 15 0.420887
15 3 0.420887
3 16 0.453409
16 3 0.453409
3 17 0.453409
17 3 0.453409
3 18 0.988418
18 3 0.988418
3 19 0.420887
19 3 0.420887
3 20 0.420887
20 3 0.420887
3 21 0.567028
21 3 0.567028
3 22 0.618056
22 3 0.618056
3 23 1.0
23 3 1.0
3 24 0.988418
24 3 0.988418
3 25 0.432175
25 3 0.432175
3 26 0.0574564
26 3 0.0574564
3 27 0.593051
27 3 0.593051
3 28 0.593716
28 3 0.593716
3 29 0.635412
29 3 0.635412
3 30 0.394122
30 3 0.394122
3 31 0.635412
31 3 0.635412
3 32 0.635412
32 3 0.635412
3 33 0.528482
33 3 0.528482
3 34 0.63725
34 3 0.63725
3 35 0.50359
35 3 0.50359
3 36 0.635412
36 3 0.635412
3 37 0.423608
37 3 0.423608
3 38 0.593716
38 3 0.593716
3 39 0.54363
39 3 0.54363
3 40 0.306434
40 3 0.306434
3 41 0.593716
41 3 0.593716
3 42 0.47026
42 3 0.47026
3 43 0.635412
43 3 0.635412
3 44 1.0
44 3 1.0
3 45 0.474383
45 3 0.474383
3 46 0.618056
46 3 0.618056
3 47 0.785238
47 3 0.785238
3 48 0.593716
48 3 0.593716
3 49 0.635412
49 3 0.635412
3 50 0.528482
50 3 0.528482
3 51 0.528482
51 3 0.528482
3 52 0.309984
52 3 0.309984
3 53 0.593716
53 3 0.593716
3 54 0.635412
54 3 0.635412
3 55 0.528482
55 3 0.528482
3 56 0.423608
56 3 0.423608
3 57 0.394122
57 3 0.394122
3 58 0.988418
58 3 0.988418
3 59 0.528482
59 3 0.528482
3 60 0.423608
60 3 0.423608
3 61 0.635412
61 3 0.635412
3 62 1.0
62 3 1.0
3 63 0.635412
63 3 0.635412
3 64 0.593716
64 3 0.593716
3 65 0.528482
65 3 0.528482
3 66 0.560473
66 3 0.560473
3 67 0.528482
67 3 0.528482
3 68 1.0
68 3 1.0
3 69 0.785238
69 3 0.785238
3 70 0.558006
70 3 0.558006
3 71 0.63725
71 3 0.63725
3 72 0.880999
72 3 0.880999
3 73 1.0
73 3 1.0
3 74 1.0
74 3 1.0
3 75 0.498928
75 3 0.498928
3 76 0.498928
76 3 0.498928
3 77 0.558006
77 3 0.558006
3 78 0.420887
78 3 0.420887
3 79 0.785238
79 3 0.785238
3 80 0.785238
80 3 0.785238
3 81 0.542313
81 3 0.542313
3 82 0.585214
82 3 0.585214
3 83 0.618056
83 3 0.618056
3 84 0.776614
84 3 0.776614
3 85 0.785238
85 3 0.785238
3 86 0.517862
86 3 0.517862
3 87 0.508868
87 3 0.508868
3 88 0.493237
88 3 0.493237
3 89 0.532492
89 3 0.532492
3 90 0.517862
90 3 0.517862
3 91 0.498928
91 3 0.498928
3 92 0.493237
92 3 0.493237
3 93 0.489483
93 3 0.489483
3 94 0.508868
94 3 0.508868
3 95 0.560473
95 3 0.560473
3 96 0.532492
96 3 0.532492
3 97 0.508572
97 3 0.508572
3 98 0.727781
98 3 0.727781
3 99 0.508868
99 3 0.508868
3 100 0.517862
100 3 0.517862
3 101 0.489483
101 3 0.489483
3 102 0.532492
102 3 0.532492
3 103 0.528482
103 3 0.528482
3 104 0.734254
104 3 0.734254
3 105 0.508868
105 3 0.508868
3 106 0.502779
106 3 0.502779
3 107 0.493237
107 3 0.493237
3 108 0.498928
108 3 0.498928
3 109 0.493237
109 3 0.493237
3 110 0.532492
110 3 0.532492
3 111 0.635412
111 3 0.635412
3 112 0.493237
112 3 0.493237
3 113 0.489483
113 3 0.489483
3 114 0.517862
114 3 0.517862
3 115 0.532492
115 3 0.532492
3 116 0.517862
116 3 0.517862
3 117 0.508572
117 3 0.508572
3 118 0.734254
118 3 0.734254
3 119 1.0
119 3 1.0
3 120 0.528482
120 3 0.528482
3 121 0.528482
121 3 0.528482
3 122 0.508572
122 3 0.508572
3 123 0.508572
123 3 0.508572
3 124 0.508572
124 3 0.508572
3 125 0.498928
125 3 0.498928
3 126 0.560473
126 3 0.560473
3 127 0.560473
127 3 0.560473
3 128 0.560473
128 3 0.560473
3 129 0.560473
129 3 0.560473
3 130 0.560473
130 3 0.560473
3 131 0.618056
131 3 0.618056
3 132 0.662842
132 3 0.662842
3 133 0.529655
133 3 0.529655
3 134 0.567028
134 3 0.567028
3 135 0.596256
135 3 0.596256
3 136 0.514576
136 3 0.514576
3 137 0.588164
137 3 0.588164
3 138 0.565131
138 3 0.565131
3 139 0.675639
139 3 0.675639
3 140 0.675639
140 3 0.675639
3 141 0.675639
141 3 0.675639
3 142 0.785238
142 3 0.785238
3 143 1.0
143 3 1.0
3 144 0.618056
144 3 0.618056
3 145 0.508572
145 3 0.508572
3 146 0.508572
146 3 0.508572
3 147 0.498928
147 3 0.498928
3 148 0.567028
148 3 0.567028
3 149 0.596256
149 3 0.596256
3 150 0.514576
150 3 0.514576
3 151 0.618056
151 3 0.618056
3 152 0.662842
152 3 0.662842
3 153 0.529655
153 3 0.529655
3 154 0.776614
154 3 0.776614
3 155 0.734254
155 3 0.734254
3 156 0.988418
156 3 0.988418
3 157 0.988418
157 3 0.988418
3 158 0.988418
158 3 0.988418
3 159 0.593716
159 3 0.593716
3 160 1.0
160 3 1.0
3 161 0.593716
161 3 0.593716
3 162 0.53626
162 3 0.53626
3 163 1.0
163 3 1.0
3 164 0.635412
164 3 0.635412
3 165 1.0
165 3 1.0
3 166 0.635412
166 3 0.635412
3 167 0.635412
167 3 0.635412
3 168 0.528482
168 3 0.528482
3 169 0.528482
169 3 0.528482
3 170 0.560473
170 3 0.560473
3 171 0.491035
171 3 0.491035
3 172 0.560473
172 3 0.560473
3 173 0.528482
173 3 0.528482
3 174 0.528482
174 3 0.528482
3 175 0.635412
175 3 0.635412
3 176 0.734254
176 3 0.734254
3 177 0.63725
177 3 0.63725
3 178 0.498928
178 3 0.498928
3 179 0.508572
179 3 0.508572
3 180 0.498928
180 3 0.498928
3 181 0.508868
181 3 0.508868
3 182 0.569398
182 3 0.569398
3 183 0.558006
183 3 0.558006
3 184 0.489483
184 3 0.489483
3 185 0.785238
185 3 0.785238
3 186 0.614217
186 3 0.614217
3 187 0.585214
187 3 0.585214
3 188 0.493237
188 3 0.493237
3 189 0.880999
189 3 0.880999
3 190 0.776614
190 3 0.776614
3 191 0.776614
191 3 0.776614
3 192 0.635412
192 3 0.635412
3 193 0.456824
193 3 0.456824
3 194 0.776614
194 3 0.776614
3 195 0.776614
195 3 0.776614
3 196 0.63725
196 3 0.63725
3 197 0.776614
197 3 0.776614
3 198 0.776614
198 3 0.776614
3 199 0.776614
199 3 0.776614
3 200 0.593051
200 3 0.593051
3 201 0.53626
201 3 0.53626
3 202 0.618056
202 3 0.618056
3 203 0.591184
203 3 0.591184
3 204 0.52245
204 3 0.52245
3 205 0.785238
205 3 0.785238
3 206 0.529297
206 3 0.529297
3 207 0.618056
207 3 0.618056
3 208 0.776614
208 3 0.776614
3 209 1.0
209 3 1.0
3 210 1.0
210 3 1.0
3 211 0.880999
211 3 0.880999
3 212 0.988418
212 3 0.988418
3 213 0.752416
213 3 0.752416
3 214 0.618056
214 3 0.618056
3 215 0.456824
215 3 0.456824
3 216 0.675639
216 3 0.675639
3 217 0.562404
217 3 0.562404
3 218 0.593716
218 3 0.593716
3 219 0.596256
219 3 0.596256
3 220 0.847216
220 3 0.847216
3 221 0.662842
221 3 0.662842
3 222 1.0
222 3 1.0
3 223 0.52245
223 3 0.52245
3 224 0.776614
224 3 0.776614
3 225 0.618056
225 3 0.618056
3 226 0.528482
226 3 0.528482
3 227 0.453409
227 3 0.453409
3 228 0.453409
228 3 0.453409
3 229 0.560473
229 3 0.560473
3 230 0.776614
230 3 0.776614
3 231 1.0
231 3 1.0
3 232 0.785238
232 3 0.785238
3 233 1.0
233 3 1.0
3 234 0.593716
234 3 0.593716
3 235 0.823542
235 3 0.823542
3 236 1.0
236 3 1.0
3 237 0.727781
237 3 0.727781
3 238 0.785238
238 3 0.785238
3 239 0.776614
239 3 0.776614
3 240 0.593716
240 3 0.593716
3 241 1.0
241 3 1.0
3 242 0.734254
242 3 0.734254
3 243 0.727781
243 3 0.727781
3 244 0.727781
244 3 0.727781
3 245 0.727781
245 3 0.727781
3 246 0.569398
246 3 0.569398
3 247 0.531954
247 3 0.531954
3 248 0.531954
248 3 0.531954
3 249 0.635412
249 3 0.635412
3 250 0.438909
250 3 0.438909
3 251 0.483696
251 3 0.483696
3 252 0.494209
252 3 0.494209
3 253 0.477718
253 3 0.477718
3 254 0.47977
254 3 0.47977
3 255 0.450115
255 3 0.450115
3 256 0.483696
256 3 0.483696
3 257 0.455543
257 3 0.455543
3 258 0.477718
258 3 0.477718
3 259 0.47977
259 3 0.47977
3 260 0.475602
260 3 0.475602
3 261 0.476456
261 3 0.476456
3 262 0.458745
262 3 0.458745
3 263 0.47977
263 3 0.47977
3 264 0.593051
264 3 0.593051
3 265 0.593716
265 3 0.593716
3 266 0.528482
266 3 0.528482
3 267 0.491035
267 3 0.491035
3 268 0.635412
268 3 0.635412
3 269 0.635412
269 3 0.635412
3 270 0.396659
270 3 0.396659
3 271 0.396659
271 3 0.396659
3 272 0.396659
272 3 0.396659
3 273 0.396659
273 3 0.396659
3 274 0.37745
274 3 0.37745
3 275 0.37745
275 3 0.37745
3 276 0.37745
276 3 0.37745
3 277 0.37745
277 3 0.37745
3 278 0.614231
278 3 0.614231
3 279 0.391486
279 3 0.391486
3 280 0.391486
280 3 0.391486
3 281 0.391486
281 3 0.391486
3 282 0.391486
282 3 0.391486
3 283 0.370942
283 3 0.370942
3 284 0.370942
284 3 0.370942
3 285 0.370942
285 3 0.370942
3 286 0.370942
286 3 0.370942
3 287 1.0
287 3 1.0
3 288 0.593716
288 3 0.593716
3 289 0.395402
289 3 0.395402
3 290 0.635412
290 3 0.635412
3 291 0.413905
291 3 0.413905
3 292 0.53744
292 3 0.53744
3 293 0.491035
293 3 0.491035
3 294 0.903697
294 3 0.903697
3 295 0.528482
295 3 0.528482
3 296 0.635412
296 3 0.635412
3 297 0.528482
297 3 0.528482
3 298 0.560473
298 3 0.560473
3 299 0.508572
299 3 0.508572
3 300 0.532492
300 3 0.532492
3 301 1.0
301 3 1.0
3 302 1.0
302 3 1.0
3 303 0.785238
303 3 0.785238
3 304 1.0
304 3 1.0
3 305 1.0
305 3 1.0
3 306 0.493237
306 3 0.493237
3 307 0.493237
307 3 0.493237
3 308 0.493237
308 3 0.493237
3 309 0.472308
309 3 0.472308
3 310 0.472308
310 3 0.472308
3 311 0.472308
311 3 0.472308
3 312 0.498928
312 3 0.498928
3 313 0.498928
313 3 0.498928
3 314 0.498928
314 3 0.498928
3 315 0.472542
315 3 0.472542
3 316 0.472542
316 3 0.472542
3 317 0.472542
317 3 0.472542
3 318 0.567028
318 3 0.567028
3 319 0.567028
319 3 0.567028
3 320 0.596256
320 3 0.596256
3 321 0.472897
321 3 0.472897
3 322 0.472897
322 3 0.472897
3 323 0.472897
323 3 0.472897
3 324 0.499144
324 3 0.499144
3 325 0.499144
325 3 0.499144
3 326 0.499144
326 3 0.499144
3 327 0.486473
327 3 0.486473
3 328 0.486473
328 3 0.486473
3 329 0.486473
329 3 0.486473
3 330 0.505819
330 3 0.505819
3 331 0.505819
331 3 0.505819
3 332 0.505819
332 3 0.505819
3 333 0.489421
333 3 0.489421
3 334 0.489421
334 3 0.489421
3 335 0.489421
335 3 0.489421
3 336 0.585214
336 3 0.585214
3 337 0.585214
337 3 0.585214
3 338 0.611575
338 3 0.611575
3 339 0.493775
339 3 0.493775
3 340 0.493775
340 3 0.493775
3 341 0.493775
341 3 0.493775
3 342 0.471186
342 3 0.471186
3 343 0.471186
343 3 0.471186
3 344 0.471186
344 3 0.471186
3 345 0.465176
345 3 0.465176
3 346 0.465176
346 3 0.465176
3 347 0.465176
347 3 0.465176
3 348 0.471191
348 3 0.471191
3 349 0.471191
349 3 0.471191
3 350 0.471191
350 3 0.471191
3 351 0.462704
351 3 0.462704
3 352 0.462704
352 3 0.462704
3 353 0.462704
353 3 0.462704
3 354 0.532818
354 3 0.532818
3 355 0.532818
355 3 0.532818
3 356 0.596256
356 3 0.596256
3 357 0.458957
357 3 0.458957
3 358 0.458957
358 3 0.458957
3 359 0.458957
359 3 0.458957
3 360 0.493237
360 3 0.493237
3 361 0.493237
361 3 0.493237
3 362 0.493237
362 3 0.493237
3 363 0.472308
363 3 0.472308
3 364 0.472308
364 3 0.472308
3 365 0.472308
365 3 0.472308
3 366 0.498928
366 3 0.498928
3 367 0.498928
367 3 0.498928
3 368 0.498928
368 3 0.498928
3 369 0.472542
369 3 0.472542
3 370 0.472542
370 3 0.472542
3 371 0.472542
371 3 0.472542
3 372 0.567028
372 3 0.567028
3 373 0.567028
373 3 0.567028
3 374 0.596256
374 3 0.596256
3 375 0.472897
375 3 0.472897
3 376 0.472897
376 3 0.472897
3 377 0.472897
377 3 0.472897
3 378 0.517862
378 3 0.517862
3 379 0.517862
379 3 0.517862
3 380 0.517862
380 3 0.517862
3 381 0.489421
381 3 0.489421
3 382 0.489421
382 3 0.489421
3 383 0.489421
383 3 0.489421
3 384 0.532492
384 3 0.532492
3 385 0.532492
385 3 0.532492
3 386 0.532492
386 3 0.532492
3 387 0.493775
387 3 0.493775
3 388 0.493775
388 3 0.493775
3 389 0.493775
389 3 0.493775
3 390 0.63725
390 3 0.63725
3 391 0.63725
391 3 0.63725
3 392 0.63725
392 3 0.63725
3 393 0.500859
393 3 0.500859
3 394 0.500859
394 3 0.500859
3 395 0.500859
395 3 0.500859
3 396 0.508868
396 3 0.508868
3 397 0.508868
397 3 0.508868
3 398 0.508868
398 3 0.508868
3 399 0.486473
399 3 0.486473
3 400 0.486473
400 3 0.486473
3 401 0.486473
401 3 0.486473
3 402 0.517862
402 3 0.517862
3 403 0.517862
403 3 0.517862
3 404 0.517862
404 3 0.517862
3 405 0.489421
405 3 0.489421
3 406 0.489421
406 3 0.489421
3 407 0.489421
407 3 0.489421
3 408 0.585214
408 3 0.585214
3 409 0.585214
409 3 0.585214
3 410 0.585214
410 3 0.585214
3 411 0.493775
411 3 0.493775
3 412 0.493775
412 3 0.493775
3 413 0.493775
413 3 0.493775
3 414 0.517862
414 3 0.517862
3 415 0.517862
415 3 0.517862
3 416 0.517862
416 3 0.517862
3 417 0.489421
417 3 0.489421
3 418 0.489421
418 3 0.489421
3 419 0.489421
419 3 0.489421
3 420 0.517862
420 3 0.517862
3 421 0.517862
421 3 0.517862
3 422 0.517862
422 3 0.517862
3 423 0.489421
423 3 0.489421
3 424 0.489421
424 3 0.489421
3 425 0.489421
425 3 0.489421
3 426 0.567028
426 3 0.567028
3 427 0.567028
427 3 0.567028
3 428 0.567028
428 3 0.567028
3 429 0.785238
429 3 0.785238
3 430 0.785238
430 3 0.785238
3 431 0.880999
431 3 0.880999
3 432 0.493237
432 3 0.493237
3 433 0.493237
433 3 0.493237
3 434 0.493237
434 3 0.493237
3 435 0.472308
435 3 0.472308
3 436 0.472308
436 3 0.472308
3 437 0.472308
437 3 0.472308
3 438 0.498928
438 3 0.498928
3 439 0.498928
439 3 0.498928
3 440 0.498928
440 3 0.498928
3 441 0.472542
441 3 0.472542
3 442 0.472542
442 3 0.472542
3 443 0.472542
443 3 0.472542
3 444 0.567028
444 3 0.567028
3 445 0.567028
445 3 0.567028
3 446 0.596256
446 3 0.596256
3 447 0.472897
447 3 0.472897
3 448 0.472897
448 3 0.472897
3 449 0.472897
449 3 0.472897
3 450 0.988418
450 3 0.988418
3 451 1.0
451 3 1.0
3 452 1.0
452 3 1.0
4 4 0
4 5 0.209333
5 4 0.209333
4 6 0.109872
6 4 0.109872
4 7 0.265881
7 4 0.265881
4 8 0.234453
8 4 0.234453
4 9 0.443786
9 4 0.443786
4 10 0.243374
10 4 0.243374
4 11 0.399383
11 4 0.399383
4 12 0.156552
12 4 0.156552
4 13 0.296331
13 4 0.296331
4 14 0.087365
14 4 0.087365
4 15 0.243374
15 4 0.243374
4 16 0.176718
16 4 0.176718
4 17 0.316497
17 4 0.316497
4 18 0.663295
18 4 0.663295
4 19 0.109872
19 4 0.109872
4 20 0.265881
20 4 0.265881
4 21 0.655238
21 4 0.655238
4 22 0.650228
22 4 0.650228
4 23 0.53744
23 4 0.53744
4 24 0.663295
24 4 0.663295
4 25 0.470677
25 4 0.470677
4 26 0.445307
26 4 0.445307
4 27 0.612812
27 4 0.612812
4 28 0.373188
28 4 0.373188
4 29 0.391713
29 4 0.391713
4 30 0.235708
30 4 0.235708
4 31 0.363233
31 4 0.363233
4 32 0.549641
32 4 0.549641
4 33 0.492603
